RR_Aero_Aoa=[-40.0, -20.0, -10.0, -5.0, 0.0, 5.0, 10.0, 20.0, 40.0];
RR_Aero_Elevons=[-40.0, -20.0, -10.0, -5.0, 0.0, 5.0, 10.0, 20.0, 40.0];
RR_Aero_Mach=[0.01, 0.1, 0.2, 0.5, 0.9];

%  CL  mach 0.01 %%%%%%%%%%%%%%%%%%%%%%%%%%%%%%%%%%%%%%%%
RR_Aero_CL=flip([-0.840672452343 -0.271053660865 0.064194032020 0.233840885115 0.404102132444 0.593201353889 0.744212738142 1.011240484124 1.328470136153 ;
-0.982213833372 -0.432578721075 -0.092116014701 0.082318753019 0.257434342133 0.441976883099 0.605904042102 0.901781579966 1.280057867947 ;
-1.073219491561 -0.555940913211 -0.217353744779 -0.040923650722 0.137274448290 0.318451546723 0.490328801962 0.804188170357 1.229843245763 ;
-1.117329915342 -0.620156731861 -0.286238453279 -0.108665846135 0.070267682172 0.249559091415 0.424338221901 0.746487252255 1.195862116523 ;
-1.159252283440 -0.684729546247 -0.355795671352 -0.178917548479 0.000000000000 0.178916630416 0.355799838579 0.684686013968 1.159287318368 ;
-1.195809365291 -0.746562778958 -0.424341208660 -0.249558954404 -0.070226524708 0.108678564689 0.286238387786 0.620155848361 1.117372745290 ;
-1.229789214466 -0.804191382013 -0.490310730859 -0.318456193639 -0.137238938690 0.040923627454 0.217348669305 0.555962941810 1.073218014472 ;
-1.280007971485 -0.901800471345 -0.605928355927 -0.441972488574 -0.257238568415 -0.082325133473 0.092112362333 0.432565785284 0.982190191596 ;
-1.327874813178 -1.011102250619 -0.744206474299 -0.593193026690 -0.403757580400 -0.233902339531 -0.064193234337 0.271057401619 0.840658027975 ],1);

%  CL  mach 0.1 %%%%%%%%%%%%%%%%%%%%%%%%%%%%%%%%%%%%%%%%
RR_Aero_CL(:,:,2)=flip([-0.840836658286 -0.271050961752 0.064564010019 0.234364896946 0.404856504275 0.594120980232 0.745220549722 1.012307113957 1.328706125875 ;
-0.982422225882 -0.432895540721 -0.092052540762 0.082575780110 0.258067035595 0.442637115105 0.606752778308 0.902711980758 1.280379040078 ;
-1.073546227995 -0.556425497182 -0.217520167927 -0.040885221721 0.137528339159 0.318909029502 0.490961351932 0.804991182005 1.230159303574 ;
-1.117655512771 -0.620718356530 -0.286526359179 -0.108753126183 0.070393833778 0.249898305826 0.424865029721 0.747232537634 1.196233437766 ;
-1.159544630121 -0.685234382806 -0.356203771875 -0.179133077807 0.000000000000 0.179132136637 0.356206160460 0.685317219634 1.159587705879 ;
-1.196175213836 -0.747054030907 -0.424868356153 -0.249898120256 -0.070362624937 0.108767117420 0.286526302248 0.620717609053 1.117697340120 ;
-1.230101189525 -0.805000658389 -0.490944217829 -0.318913760681 -0.137474420313 0.040885168196 0.217515053640 0.556444226299 1.073563804067 ;
-1.280321995892 -0.902730323956 -0.606776336771 -0.442634890803 -0.257714603971 -0.082575390390 0.092048134731 0.432853959763 0.982412015379 ;
-1.328122977964 -1.012158922504 -0.745214613171 -0.594113056913 -0.404538990626 -0.234399180767 -0.064563147591 0.271054953577 0.840837397946 ],1);

%  CL  mach 0.2 %%%%%%%%%%%%%%%%%%%%%%%%%%%%%%%%%%%%%%%%
RR_Aero_CL(:,:,3)=flip([-0.841337483479 -0.271017696663 0.065701426707 0.235989602877 0.407281366101 0.596951659470 0.748325168459 1.015529187809 1.329044872237 ;
-0.983085055883 -0.433703917477 -0.091851186320 0.083566303652 0.259547590117 0.444667578778 0.609391230641 0.905598094313 1.281322947648 ;
-1.074616784618 -0.557911191687 -0.218025857745 -0.040762354697 0.138304444295 0.320317340820 0.492906579596 0.807465231198 1.231119169483 ;
-1.118639778047 -0.622408187125 -0.287406520087 -0.109023890935 0.070754747490 0.250941084951 0.426440694829 0.749517782067 1.197355792706 ;
-1.160474195495 -0.687351891858 -0.357454014155 -0.179794026641 0.000000000000 0.179793163389 0.357451316686 0.687359531276 1.160518913683 ;
-1.197282384734 -0.749428307276 -0.426489616899 -0.250940794838 -0.070745747371 0.109036110590 0.287406470870 0.622386031732 1.118681424477 ;
-1.231059859096 -0.807475721383 -0.492893104721 -0.320321810197 -0.138200150005 0.040762212924 0.218025676710 0.557915407998 1.074602280753 ;
-1.281256314597 -0.905616638119 -0.609394253777 -0.444671203397 -0.259183544352 -0.083572465660 0.091843054424 0.433663825643 0.983067628671 ;
-1.329007756985 -1.015412951267 -0.748320661707 -0.596944221284 -0.406950732862 -0.236051646799 -0.065705347215 0.271023001934 0.841212952836 ],1);

%  CL  mach 0.5 %%%%%%%%%%%%%%%%%%%%%%%%%%%%%%%%%%%%%%%%
RR_Aero_CL(:,:,4)=flip([-0.844199188157 -0.270107506184 0.075258957745 0.249009662481 0.426180693380 0.618940413267 0.772544453927 1.040594175461 1.335596500022 ;
-0.987393291230 -0.439429754508 -0.089838857107 0.091784265966 0.270992862489 0.460570503434 0.629608756681 0.926561754346 1.288022204162 ;
-1.081582361690 -0.568744072522 -0.221540989037 -0.039586061357 0.144479205301 0.331200762098 0.507886123969 0.826294037376 1.238042364644 ;
-1.125303783142 -0.635406781920 -0.293924149959 -0.110931031794 0.073797797138 0.258971782714 0.439417169695 0.766430010683 1.205032249236 ;
-1.167068777647 -0.702319308837 -0.366921473521 -0.184796708523 0.000000000000 0.184796756593 0.366917895613 0.702316450047 1.167154650339 ;
-1.204943586616 -0.766467961997 -0.439344765904 -0.258955759235 -0.073796018823 0.110930859728 0.293924402430 0.635391647095 1.125394231722 ;
-1.237981981130 -0.826326851361 -0.507881536759 -0.331201662968 -0.144447874535 0.039585719672 0.221545236120 0.568735089240 1.081669138882 ;
-1.287860292885 -0.928077815741 -0.629622474599 -0.460570992450 -0.270656385682 -0.091789775588 0.089836805874 0.439445695430 0.987425568018 ;
-1.335478286099 -1.040587237744 -0.772547619950 -0.618939608394 -0.425640566369 -0.248990963515 -0.075263116656 0.270119788912 0.844241417658 ],1);

%  CL  mach 0.9 %%%%%%%%%%%%%%%%%%%%%%%%%%%%%%%%%%%%%%%%
RR_Aero_CL(:,:,5)=flip([-0.843318234116 -0.248304769323 0.131065930260 0.322780690263 0.516025915759 0.717763810060 0.882963611408 1.146368399753 1.361649871734 ;
-0.995667474723 -0.450568379631 -0.071226782430 0.126701771186 0.326835494951 0.531088010175 0.713381981991 1.017172762167 1.313601113201 ;
-1.096720759719 -0.601224180356 -0.228709133394 -0.028378677715 0.173994242571 0.378038039277 0.570013736769 0.900956649751 1.261457489296 ;
-1.143793785914 -0.679833412012 -0.314870257228 -0.114578514034 0.088583262609 0.292252852774 0.487928798840 0.831935186874 1.227203811887 ;
-1.187425166374 -0.757527162916 -0.402123244448 -0.203524087652 0.000000000000 0.203523734681 0.402124537860 0.757531050908 1.187430910030 ;
-1.227079736757 -0.831941792017 -0.487928138037 -0.292252774938 -0.088593796697 0.114575480829 0.314870323911 0.679833424568 1.143803632738 ;
-1.261311273275 -0.900950784040 -0.570014541334 -0.378038094670 -0.174019105253 0.028384244748 0.228680679988 0.601315716252 1.096728398085 ;
-1.313599300201 -1.017166408427 -0.713382803740 -0.531089719996 -0.326859168803 -0.126700851727 0.071229325864 0.450556543126 0.995666174572 ;
-1.361638027766 -1.146369965929 -0.882957998537 -0.717765610216 -0.515156806481 -0.322781077319 -0.131067596120 0.248303236828 0.843320283312 ],1);

%  CDtot_t  mach 0.01 %%%%%%%%%%%%%%%%%%%%%%%%%%%%%%%%%%%%%%%%
